750
748 
33 
308 
642 
135 
317 
42 
132 
639 
122 
380 
854 
357 
282 
691 
362 
448 
186 
948 
340 
976 
734 
56 
780 
192 
379 
505 
766 
276 
420 
989 
212 
258 
293 
694 
326 
914 
938 
351 
693 
220 
17 
569 
593 
621 
822 
170 
431 
506 
540 
486 
489 
602 
107 
194 
592 
626 
983 
110 
323 
374 
870 
354 
412 
690 
772 
453 
538 
966 
531 
790 
848 
16 
491 
738 
842 
640 
646 
767 
14 
278 
315 
1 
440 
519 
649 
713 
959 
43 
210 
655 
722 
164 
515 
776 
829 
112 
235 
397 
764 
174 
232 
377 
809 
869 
917 
955 
274 
342 
811 
121 
141 
303 
346 
477 
692 
142 
184 
268 
656 
784 
859 
843 
222 
319 
647 
687 
863 
62 
74 
430 
574 
75 
900 
60 
177 
240 
778 
895 
167 
316 
333 
672 
733 
332 
819 
944 
971 
176 
400 
493 
875 
230 
245 
678 
29 
356 
309 
441 
874 
298 
747 
791 
520 
541 
611 
708 
893 
39 
77 
136 
284 
549 
554 
565 
658 
667 
823 
931 
24 
63 
378 
575 
804 
205 
325 
727 
827 
844 
925 
978 
21 
213 
369 
389 
460 
560 
361 
556 
652 
682 
787 
680 
865 
526 
785 
140 
826 
208 
261 
442 
807 
933 
328 
429 
591 
851 
41 
514 
597 
45 
730 
233 
305 
669 
741 
906 
942 
425 
610 
446 
239 
473 
719 
998 
100 
312 
888 
970 
456 
570 
255 
334 
439 
724 
7 
193 
229 
671 
292 
294 
358 
360 
742 
954 
975 
997 
299 
311 
849 
908 
73 
435 
614 
886 
604 
613 
704 
935 
283 
702 
839 
845 
396 
786 
436 
641 
650 
850 
178 
792 
267 
279 
555 
757 
821 
864 
25 
679 
926 
209 
406 
530 
972 
986 
203 
349 
411 
536 
106 
507 
739 
754 
905 
98 
301 
532 
606 
860 
201 
718 
3 
381 
483 
877 
987 
78 
166 
421 
485 
5 
391 
472 
533 
605 
707 
775 
852 
154 
296 
347 
433 
479 
950 
963 
35 
462 
623 
994 
265 
287 
502 
616 
815 
890 
480 
500 
159 
329 
907 
9 
202 
387 
729 
756 
499 
596 
777 
799 
831 
120 
488 
830 
878 
576 
922 
89 
139 
352 
771 
23 
111 
187 
277 
149 
539 
13 
594 
629 
688 
83 
302 
584 
820 
913 
11 
225 
467 
638 
627 
939 
320 
755 
404 
743 
887 
992 
468 
504 
516 
546 
645 
654 
677 
745 
181 
725 
90 
148 
247 
348 
463 
508 
561 
768 
92 
457 
706 
127 
746 
663 
732 
736 
855 
19 
22 
217 
370 
557 
50 
712 
812 
219 
416 
880 
103 
241 
450 
779 
4 
48 
211 
228 
313 
113 
896 
936 
70 
81 
189 
551 
921 
251 
272 
951 
451 
924 
964 
145 
254 
300 
648 
923 
281 
367 
509 
393 
567 
364 
644 
836 
962 
197 
761 
867 
969 
723 
314 
87 
216 
559 
109 
497 
34 
28 
125 
803 
196 
802 
899 
423 
179 
260 
588 
38 
550 
728 
889 
275 
286 
322 523 
58 79 
419 783 
902 798 
449 86 
587 418 
445 696 
782 180 
190 476 
618 909 
158 426 
535 999 
685 104 
527 253 
985 264 
310 207 
673 700 
84 731 
578 781 
295 427 
512 568 
749 390 
548 981 
0 306 
398 564 
699 904 
68 558 
191 214 
651 901 
2 69 
974 37 
53 152 
221 223 
608 752 
871 97 
598 683 
980 883 
884 940 
85 366 
395 607 
634 762 
510 552 
720 788 
250 599 
750 403 
417 123 
384 892 
916 990 
54 57 
363 600 
633 666 
709 6 
335 359 
537 689 
773 919 
968 175 
337 601 
953 237 
331 501 
547 635 
291 946 
958 542 
660 185 
257 625 
793 928 
66 324 
496 945 
144 603 
810 910 
96 563 
586 868 
898 920 
64 589 
876 434 
941 628 
632 172 
353 676 
119 498 
206 269 
318 828 
131 246 
280 484 
577 891 
961 117 
218 674 
806 943 
949 979 
143 659 
717 789 
882 428 
701 61 
82 168 
464 18 
343 668 
711 897 
59 72 
911 215 
503 580 
636 163 
466 824 
271 443 
36 160 
927 266 
684 710 
952 996 
698 130 
459 534 
161 173 
297 373 
816 248 
365 518 
545 637 
753 252 
934 30 
116 226 
879 31 
256 338 
529 579 
657 834 
918 126 
224 244 
385 465 
714 715 
375 399 
487 582 
774 47 
124 595 
238 517 
590 801 
437 630 
631 55 
128 234 
583 759 
32 71 
444 571 
838 65 
307 402 
573 794 
46 495 
562 585 
737 288 
290 422 
524 758 
12 521 
653 903 
171 382 
862 94 
528 665 
763 965 
273 686 
769 285 
432 740 
52 355 
818 156 
407 492 
957 321 
405 675 
242 371 
10 350 
624 188 
336 447 
525 697 
805 857 
853 452 
703 833 
872 115 
151 157 
95 133 
146 330 
368 988 
20 195 
198 825 
932 134 
270 474 
984 199 
522 129 
471 478 
866 40 
760 15 
76 566 
572 612 
643 835 
93 114 
930 147 
263 227 
289 410 
681 967 
102 165 
881 259 
490 609 
716 832 
249 376 
662 929 
183 796 
856 705 
813 915 
304 544 
388 424 
455 581 
841 846 
137 138 
840 885 
26 88 
99 797 
236 751 
912 458 
108 386 
991 543 
800 80 
341 345 
150 200 
394 873 
475 956 
49 383 
118 461 
837 664 
765 814 
101 695 
454 937 
392 408 
770 414 
721 231 
973 243 
858 67 
182 494 
661 947 
977 726 
438 470 
670 105 
372 482 
861 982 
415 847 
44 162 
169 622 
615 617 
960 795 
413 511 
204 344 
469 735 
993 27 
153 620 
155 327 
481 401 
808 513 
894 339 
744 91 
8 553 
262 995 
817 409 
51 619 
